  -7.3276442e+00
  -7.3691786e+00
  -8.6886329e+00
  -1.0386674e+01
  -9.9732682e+00
  -4.9826395e+00
   4.0773592e+00
   1.3274908e+01
   1.8433017e+01
   1.8287442e+01
   1.4601781e+01
   9.9041139e+00
   5.7700754e+00
   2.8553083e+00
   1.3318250e+00
   6.2525131e-01
  -8.0791992e-01
  -4.7246014e+00
  -1.1460713e+01
  -1.8935605e+01
  -2.3318690e+01
  -2.1167738e+01
  -1.1936123e+01
   1.0229099e+00
   1.2384969e+01
   1.8401981e+01
   1.8793244e+01
   1.5723797e+01
   1.1772387e+01
   8.5375579e+00
   5.8160187e+00
   2.3869655e+00
  -1.7502345e+00
  -4.3230361e+00
  -3.3264657e+00
  -3.2207441e-01
   2.6127849e-01
  -4.1850387e+00
  -1.1816774e+01
  -1.8656106e+01
  -2.2293923e+01
  -2.2328320e+01
  -1.8774555e+01
  -1.1931059e+01
  -3.4796390e+00
   3.7382566e+00
   7.8192125e+00
   8.9995854e+00
   8.3709342e+00
   6.1361119e+00
   1.4654119e+00
  -5.6752116e+00
  -1.3056192e+01
  -1.6704010e+01
  -1.3510611e+01
  -3.6692848e+00
   9.1219132e+00
   1.9900041e+01
   2.4867982e+01
   2.2492742e+01
   1.3650730e+01
   1.2143365e+00
  -1.0590018e+01
  -1.6954914e+01
  -1.4342183e+01
  -3.3849891e+00
   1.0011354e+01
   1.7986531e+01
   1.6141398e+01
   6.2295701e+00
  -5.6641528e+00
  -1.3800605e+01
  -1.6394744e+01
  -1.4971776e+01
  -1.1228669e+01
  -6.3410163e+00
  -2.5164607e+00
  -2.0574474e+00
  -3.9470576e+00
  -3.4032965e+00
   3.5138267e+00
   1.5243058e+01
   2.5915829e+01
   3.0853417e+01
   3.0058349e+01
   2.6635390e+01
   2.2885423e+01
   1.8545481e+01
   1.2830740e+01
   7.2455157e+00
   4.6736355e+00
   5.2032711e+00
   4.8439955e+00
  -3.4121986e-02
  -8.2133887e+00
  -1.4847916e+01
  -1.6574616e+01
  -1.4599327e+01
  -1.2968388e+01
  -1.4400121e+01
  -1.8020016e+01
  -2.0828809e+01
  -2.1200535e+01
  -2.0720450e+01
  -2.2664395e+01
  -2.8616547e+01
  -3.6239441e+01
  -4.0359748e+01
  -3.6720639e+01
  -2.5176452e+01
  -9.3312562e+00
   6.5714954e+00
   2.0326629e+01
   3.1426916e+01
   3.8856246e+01
   4.0250561e+01
   3.4058182e+01
   2.2622452e+01
   1.1781256e+01
   6.5648427e+00
   7.5013812e+00
   1.1048494e+01
   1.3060507e+01
   1.1871630e+01
   8.8417135e+00
   6.3265780e+00
   5.5123808e+00
   5.4231125e+00
   3.2314970e+00
  -3.5576672e+00
  -1.3947487e+01
  -2.3197791e+01
  -2.6988428e+01
  -2.4784306e+01
  -1.8364112e+01
  -8.5049305e+00
   5.2546193e+00
   2.2085783e+01
   3.7877073e+01
   4.6464720e+01
   4.3701197e+01
   3.0920957e+01
   1.3890376e+01
  -1.7748025e+00
  -1.3279683e+01
  -1.9810568e+01
  -2.1219140e+01
  -1.7982482e+01
  -1.1518372e+01
  -3.9909031e+00
   2.0532869e+00
   4.3253486e+00
   1.5084445e+00
  -5.9866079e+00
  -1.5639863e+01
  -2.3592258e+01
  -2.6213411e+01
  -2.2377443e+01
  -1.4771827e+01
  -8.4017349e+00
  -6.4831805e+00
  -8.0448753e+00
  -1.0306508e+01
  -1.2146973e+01
  -1.3910300e+01
  -1.4707883e+01
  -1.2631686e+01
  -7.4927637e+00
  -1.6001987e+00
   2.3623364e+00
   3.4155083e+00
   2.2485685e+00
   3.2276299e-01
  -6.8789579e-01
   3.3849515e-01
   2.9080948e+00
   5.2439644e+00
   6.2454375e+00
   7.0486001e+00
   1.0003140e+01
   1.5992198e+01
   2.2771256e+01
   2.6375693e+01
   2.4366043e+01
   1.7815990e+01
   1.0041954e+01
   3.8634919e+00
   5.2615249e-01
   6.8950736e-01
   5.3722926e+00
   1.4421579e+01
   2.4712069e+01
   3.1442874e+01
   3.1609738e+01
   2.5611283e+01
   1.5719255e+01
   3.9844949e+00
  -8.0987420e+00
  -1.8892554e+01
  -2.6377310e+01
  -2.9375618e+01
  -2.8614067e+01
  -2.5816774e+01
  -2.2055346e+01
  -1.7892071e+01
  -1.4453585e+01
  -1.2669461e+01
  -1.1827784e+01
  -1.0312859e+01
  -7.8262920e+00
  -5.6256147e+00
  -5.0114036e+00
  -6.6186375e+00
  -1.0585634e+01
  -1.5784161e+01
  -1.8775335e+01
  -1.5142759e+01
  -3.3218321e+00
   1.2818136e+01
   2.6349654e+01
   3.2219389e+01
   2.9919148e+01
   2.2252839e+01
   1.2788616e+01
   4.4493062e+00
  -6.2529756e-01
  -1.1333072e+00
   2.5356372e+00
   7.5940813e+00
   1.0045914e+01
   7.6459341e+00
   1.7516246e+00
  -3.5531623e+00
  -4.6684017e+00
  -1.0152931e+00
   5.2703097e+00
   1.1206883e+01
   1.4606528e+01
   1.4863370e+01
   1.2636362e+01
   8.5569302e+00
   1.8672415e+00
  -8.7179178e+00
  -2.1874405e+01
  -3.2056409e+01
  -3.2723208e+01
  -2.1983607e+01
  -4.6778379e+00
   1.0853919e+01
   1.7859624e+01
   1.4947918e+01
   6.5295941e+00
  -5.9365761e-01
  -2.4106603e+00
   3.3142841e-02
   2.9590880e+00
   3.5729145e+00
   1.4030548e+00
