   1.2008459e+01
   1.0917325e+01
   7.5517599e+00
   1.9343126e+00
  -4.1814956e+00
  -7.5885189e+00
  -6.1891999e+00
  -1.2314059e+00
   3.8036806e+00
   6.0790337e+00
   4.7513087e+00
   5.9655521e-01
  -4.0532673e+00
  -5.4804890e+00
  -8.7391629e-01
   8.6158963e+00
   1.8378287e+01
   2.4461049e+01
   2.6007809e+01
   2.3268503e+01
   1.5558095e+01
   2.7775745e+00
  -1.2588263e+01
  -2.6802532e+01
  -3.7514121e+01
  -4.4153198e+01
  -4.6994093e+01
  -4.6857046e+01
  -4.4424632e+01
  -3.8926694e+01
  -2.8811251e+01
  -1.4514504e+01
  -2.7792579e-01
   7.9962655e+00
   7.1929499e+00
  -6.3065535e-01
  -1.0010423e+01
  -1.5313650e+01
  -1.2967993e+01
  -2.3052433e+00
   1.4197416e+01
   3.1755912e+01
   4.5297344e+01
   5.2099420e+01
   5.3335455e+01
   5.2350677e+01
   5.1159844e+01
   4.8886968e+01
   4.3287417e+01
   3.3440749e+01
   2.1017211e+01
   9.5023014e+00
   1.5770021e+00
  -2.8987979e+00
  -6.0666407e+00
  -8.7331788e+00
  -8.5064713e+00
  -2.1783148e+00
   9.5889178e+00
   2.0907115e+01
   2.4900613e+01
   1.8564849e+01
   3.3206883e+00
  -1.6942864e+01
  -3.6428177e+01
  -4.8009415e+01
  -4.7737042e+01
  -3.9862244e+01
  -3.4091866e+01
  -3.5737684e+01
  -4.0465995e+01
  -4.0643742e+01
  -3.4799145e+01
  -2.8222041e+01
  -2.5221867e+01
  -2.4202960e+01
  -2.1390343e+01
  -1.6663675e+01
  -1.3320198e+01
  -1.3105465e+01
  -1.3468897e+01
  -9.8200398e+00
   2.8124743e-01
   1.4621387e+01
   2.7868099e+01
   3.5843501e+01
   3.7365360e+01
   3.1681762e+01
   1.6755364e+01
  -7.3421262e+00
  -3.4285195e+01
  -5.3911841e+01
  -5.9894613e+01
  -5.3682183e+01
  -4.0861397e+01
  -2.5133971e+01
  -6.1165585e+00
   1.7758838e+01
   4.4495859e+01
   6.7198388e+01
   7.8432084e+01
   7.6093686e+01
   6.4113464e+01
   4.7752243e+01
   2.9499866e+01
   9.7507775e+00
  -1.0033470e+01
  -2.6385913e+01
  -3.6313967e+01
  -4.0129363e+01
  -4.0989808e+01
  -4.1474326e+01
  -4.0593884e+01
  -3.4869052e+01
  -2.2721857e+01
  -7.0505849e+00
   7.4406370e+00
   1.8675295e+01
   2.7148452e+01
   3.2503797e+01
   3.3211569e+01
   3.0041071e+01
   2.7001841e+01
   2.7275953e+01
   3.0055680e+01
   3.2138485e+01
   3.1164677e+01
   2.6619363e+01
   1.9520494e+01
   1.2170510e+01
   7.0128849e+00
   4.5698255e+00
   2.9040155e+00
   5.2958053e-01
  -3.9731115e-01
   4.5009840e+00
   1.6275258e+01
   2.9474040e+01
   3.5181599e+01
   2.8099075e+01
   1.1829360e+01
  -2.6252474e+00
  -4.9582611e+00
   6.7130673e+00
   2.5838692e+01
   4.3965232e+01
   5.6077060e+01
   5.9854242e+01
   5.2716661e+01
   3.3585615e+01
   7.2503678e+00
  -1.7514673e+01
  -3.6862945e+01
  -5.5745938e+01
  -7.9487438e+01
  -1.0320330e+02
  -1.1273257e+02
  -9.7076645e+01
  -5.9436196e+01
  -1.7016375e+01
   1.0623294e+01
   1.5390722e+01
   4.8362127e+00
  -5.8898625e+00
  -5.9209124e+00
   5.4921908e+00
   2.0911514e+01
   3.0947030e+01
   3.0203833e+01
   1.9434073e+01
   2.9754714e+00
  -1.5850520e+01
  -3.6190926e+01
  -5.6702935e+01
  -7.2642712e+01
  -7.7343739e+01
  -6.7140691e+01
  -4.5087355e+01
  -1.9655270e+01
  -1.5855821e-01
   7.4504311e+00
   3.0084292e+00
  -7.6556701e+00
  -1.5837247e+01
  -1.4570585e+01
  -1.7739117e+00
   1.9425701e+01
   4.2722501e+01
   6.1291538e+01
   7.0293711e+01
   6.8823988e+01
   6.0680923e+01
   5.2097963e+01
   4.7191550e+01
   4.4852637e+01
   3.9586477e+01
   2.5874866e+01
   2.8955930e+00
  -2.5102797e+01
  -5.2161355e+01
  -7.2567528e+01
  -8.0437050e+01
  -7.1845888e+01
  -4.9402820e+01
  -2.2703306e+01
  -2.3599361e+00
   7.2119592e+00
   1.0164708e+01
   1.5183344e+01
   2.7724038e+01
   4.4894629e+01
   5.7541163e+01
   5.7219168e+01
   4.1778770e+01
   1.6867888e+01
  -6.4624584e+00
  -1.7848491e+01
  -1.4143633e+01
  -7.3650947e-01
   1.3797399e+01
   2.3650229e+01
   2.7096418e+01
   2.4267413e+01
   1.5780464e+01
   3.1855481e+00
  -1.0395020e+01
  -2.0286503e+01
  -2.1923200e+01
  -1.4113102e+01
  -1.0923955e+00
   8.6552660e+00
   5.8809018e+00
  -1.3470798e+01
  -4.3090583e+01
  -6.8625791e+01
  -7.7314152e+01
  -6.5760413e+01
  -3.9855491e+01
  -9.3243813e+00
   1.8716236e+01
   4.2619795e+01
   6.1987102e+01
   7.2145695e+01
   6.6202956e+01
   4.2757169e+01
   9.5194843e+00
  -2.1212311e+01
  -4.0259236e+01
  -4.5656251e+01
  -4.0584546e+01
  -2.8189143e+01
  -9.9873101e+00
   1.0600277e+01
   2.6426218e+01
   3.1444631e+01
   2.5597469e+01
   1.3230992e+01
  -1.3261287e+00
