  -3.1057839e+01
  -1.6626239e+01
   1.1955157e+00
   1.9592918e+01
   3.2710768e+01
   3.4823768e+01
   2.5580797e+01
   1.1231555e+01
  -4.8010279e-01
  -6.2227654e+00
  -7.7002264e+00
  -8.2650397e+00
  -1.0240751e+01
  -1.4157291e+01
  -1.8642105e+01
  -2.1354061e+01
  -2.0942665e+01
  -1.7590207e+01
  -1.1019889e+01
   3.0338637e-01
   1.5889172e+01
   2.9711095e+01
   3.2936393e+01
   2.1988490e+01
   2.9386559e+00
  -1.3404876e+01
  -2.0179560e+01
  -1.7774201e+01
  -1.0378670e+01
  -1.5617289e+00
   6.6652138e+00
   1.2730863e+01
   1.5384721e+01
   1.5355004e+01
   1.5260039e+01
   1.6208744e+01
   1.5731367e+01
   1.1004381e+01
   2.6002603e+00
  -6.0631996e+00
  -1.1765899e+01
  -1.3150543e+01
  -1.1085920e+01
  -8.2224129e+00
  -6.9348349e+00
  -6.7877843e+00
  -4.3006945e+00
   3.3170631e+00
   1.3358886e+01
   1.8135583e+01
   1.2427723e+01
   6.3371153e-01
  -6.1741847e+00
  -8.9517172e-01
   1.3519110e+01
   2.8914779e+01
   4.0378719e+01
   4.9034423e+01
   5.7906482e+01
   6.6458689e+01
   6.9728468e+01
   6.2907452e+01
   4.6521775e+01
   2.6636322e+01
   1.0228132e+01
   6.9065015e-01
  -3.3067009e+00
  -5.8568839e+00
  -1.0857923e+01
  -2.0159262e+01
  -3.3117632e+01
  -4.6749087e+01
  -5.6271637e+01
  -5.7081461e+01
  -4.7627774e+01
  -3.0821164e+01
  -1.3420772e+01
  -4.6812326e+00
  -1.2975561e+01
  -3.9339881e+01
  -7.4003604e+01
  -1.0206827e+02
  -1.1289274e+02
  -1.0455541e+02
  -8.2788039e+01
  -5.7414286e+01
  -3.7059757e+01
  -2.4092329e+01
  -1.3732809e+01
   1.4526634e+00
   2.4904596e+01
   5.2124345e+01
   7.3100375e+01
   7.9815120e+01
   7.1632893e+01
   5.3862169e+01
   3.3142255e+01
   1.4878458e+01
   2.4113548e+00
  -3.9818134e+00
  -6.8916101e+00
  -8.7803856e+00
  -8.7094965e+00
  -2.2603995e+00
   1.4906410e+01
   4.2706167e+01
   7.4945073e+01
   1.0216714e+02
   1.1753685e+02
   1.2042775e+02
   1.1389511e+02
   9.9016051e+01
   7.3281031e+01
   3.4483395e+01
  -1.4695173e+01
  -6.5560725e+01
  -1.0650755e+02
  -1.2893819e+02
  -1.3210099e+02
  -1.2219610e+02
  -1.0670319e+02
  -8.9316640e+01
  -6.9543578e+01
  -4.6826738e+01
  -2.3567884e+01
  -2.9553435e+00
   1.4400929e+01
   2.9402263e+01
   4.1561456e+01
   4.8532027e+01
   4.7573999e+01
   3.7932919e+01
   2.2736399e+01
   7.5441290e+00
  -3.9190657e+00
  -1.1865651e+01
  -1.9091913e+01
  -2.8549969e+01
  -4.0631722e+01
  -5.0478177e+01
  -4.9878081e+01
  -3.5183757e+01
  -1.2746589e+01
   6.1562232e+00
   1.5865612e+01
   2.0252562e+01
   2.6859505e+01
   3.8740902e+01
   5.1865310e+01
   5.9567521e+01
   5.8804412e+01
   5.2011928e+01
   4.2906292e+01
   3.0904924e+01
   1.0221675e+01
  -2.4095053e+01
  -6.7114295e+01
  -1.0246758e+02
  -1.1333023e+02
  -9.6512877e+01
  -6.4316978e+01
  -3.2976374e+01
  -1.1037390e+01
   2.0660934e+00
   9.2997724e+00
   1.1060190e+01
   7.1641111e+00
   1.5428395e+00
   1.1991883e+00
   9.3006815e+00
   2.1118685e+01
   2.7368272e+01
   2.1702136e+01
   6.4462532e+00
  -8.1928883e+00
  -1.1769644e+01
  -1.9499296e+00
   1.3734364e+01
   2.4960868e+01
   2.7640331e+01
   2.5236686e+01
   2.1880868e+01
   1.7272607e+01
   9.4453956e+00
  -4.0696057e-03
  -6.8846373e+00
  -9.7537682e+00
  -1.0913581e+01
  -1.2724295e+01
  -1.5694229e+01
  -1.9781236e+01
  -2.4287747e+01
  -2.6350851e+01
  -2.1784170e+01
  -8.4801364e+00
   1.1204958e+01
   3.1484265e+01
   4.6501475e+01
   5.2926550e+01
   5.0279911e+01
   3.9502322e+01
   2.2769175e+01
   4.6882476e+00
  -9.1941137e+00
  -1.6360094e+01
  -1.7786904e+01
  -1.4253189e+01
  -4.7145002e+00
   1.1377744e+01
   3.1749929e+01
   5.2024123e+01
   6.7504182e+01
   7.3592663e+01
   6.6446233e+01
   4.6037978e+01
   1.7859750e+01
  -1.1059779e+01
  -3.7007607e+01
  -5.8050910e+01
  -6.9350816e+01
  -6.5115883e+01
  -4.6234912e+01
  -2.3195894e+01
  -9.2192087e+00
  -1.0150040e+01
  -2.0728768e+01
  -2.9932724e+01
  -2.9952034e+01
  -2.1240337e+01
  -1.0757978e+01
  -5.9620645e+00
  -9.0911561e+00
  -1.4940745e+01
  -1.4775144e+01
  -3.6795516e+00
   1.5942796e+01
   3.7002393e+01
   5.1785584e+01
   5.4519804e+01
   4.4025278e+01
   2.5413616e+01
   7.1486286e+00
  -4.1203944e+00
  -6.1469168e+00
  -1.3891496e+00
   3.6201716e+00
   1.8988821e+00
  -7.6627019e+00
  -1.7761621e+01
  -1.8537785e+01
  -6.5181681e+00
   1.2381073e+01
   2.7871709e+01
   3.2070097e+01
   2.2859112e+01
   3.1268177e+00
  -2.2091730e+01
  -4.8252937e+01
